192660276373
192660276380
192660276472
192660276489
192660276496
192660276502
888667059025
194894495919
194894495926
888664365280
888664365297
888664365303
888664365310
888664365327
886108763760
886108763777
886108763784
886108763791
886108763807
886108763975
886108763982
886108763999
886108764002
886108764019
886108765238
886108765245
886108765252
886108765269
886108765276
191454534194
191454534200
191454534217
191454534224
191454534231
888664400738
888664400745
888664400752
888664400769
888664400776
886108730267
886108730274
886108730281
886108730298
888664443353
888664443360
888664443377
888664443384
888664443391
194894584828
194894584866
192660375281
192660375298
192660375304
192660375311
192660375328
193855113015
193855113022
193855113039
193855113046
193855113053
192290085925
192290085932
192290085949
192290085956
192290085963
192290085987
192290085994
192290086007
192290086014
192290086021
192660254982
192660254999
192660255019
192660255026
195978015313
195978015429
195978015436
195978015443
195978015450
195978015306
195978015320
195978015337
194895544029
194895544036
194895544043
194895544067
194895622284
194895622291
194895622307
194895622314
194895622321
194895841807
194895841814
194895841821
194895841838
194895841845
194895841852
194895840510
194895840527
194895840534
194895840541
194895840558
194895840565
194895276081
194895276111
194895276128
194895276135
194895217459
194895217466
194895217473
194895217497
191454749581
191454749598
191454749604
191454749611
191454749628
192660100500
888667411090
888667411106
888667411113
888667411120
888667411137
888667411144
194895839729
194895839736
194895839743
194895839750
194895841470
194895841487
194895841494
194895841500
194895841517
194895366584
194895842774
194895842781
194895842798
194895842804
194895842439
194895842446
194895842453
194895842460
194895842477
192290085970
192660181837
194894495940
194894495933
194895842811
195979642877
195978015344
195978015467
888667609893
888667609886
888667609879
888667609909
190540030350
195978482276
195978482368
195978482344
195978482375
195978482337
192660375335
195978015757
195978015733
195978015726
195978015719
195978015740
195978015634
195978015610
195978015603
195978015597
195978015627
195978015641
194895544050
888667409660
888667409646
888667409639
888667409622
888667409653
888667409677
194003400827
194003400834
194003400858
194003400865
194003400841
194003400872
194894593257
194894593264
886108342002
886108342019
886108342026
886108342033
886108342040
194894584941
194894584958
194894584965
194894584972
194894584989
195979299408
195979299415
195979299422
195979299439
195978605750
195978605767
195978605774
195978605781
195978605798
194895217503
194895217527
194895217534
886108730229
886108730212
886108730199
886108730205
886108730236
194894584880
194894584897
194894584903
194894584927
194894584934
194895217442
194895217558
194895275787
194895275794
194895275800
194895275817
194895275831
194895276098
194895839286
194895839293
194895839767
194895842484
195978482078
195978482085
195978482146
195978482153
195978482160
195978482290
195979136826
195979136833
195979136840
195979136864
195979136871
195979140540
195979140557
195979140564
195979140571
195979140588
195979299224
195979299231
195979299255
195979299262
195979299279
195979299347
195979299361
195979299378
195979299385
195979299392
195980077576
195980143783
195980410243
195980410267
195980410274
195980410281
195980482196
195980526449
195980526456
195980526463
195980526500
195980526517
195980570404
195980978316
195980978330
195980978347
195980978408
195980978415
195980978422
195980978439
195980978446
195980978507
195980978514
195980978521
195980978538
195980978545
195980978552
195980978569
195980978576
195980978583
195980978590
195981041552
195981041569
195981041576
195981041583
195981041590
195981041613
195981041620
195981041637
195981041651
195981041668
195981054620
195981054637
195981054644
195981054668
195981056594
195981097764
195981097771
195981097788
195981097795
195981116571
195981116595
195981116618
195981116625
195981116823
195981116830
195981116847
195981116854
195981116861
195981198638
195981198652
195981198669
195981198676
195981198690
195981198706
195981198720
195981198737
195981198744
195981198751
195981198843
195981198850
195981198874
195981198881
195981198904
195981257199
195981257205
195981257212
195981257229
195981257236
195981272062
195981300758
195981300765
195981300772
195981300789
195981300796
195981306521
195981306538
195981306569
195981306576
195981319866
195981319873
195981319880
195981319897
195981319903
195981350197
195981350203
195981350210
195981350227
195981350234
195981350241
195981350265
195981354133
195981354140
195981354157
195981354164
195981354171
195981356472
195981356489
195981356496
195981356502
195981356519
195981370126
195981370133
195981370157
195981370164
195981370171
195981370300
195981370317
195981370324
195981370331
195981370614
195981370638
195981370652
195981383645
195981383676
195981383737
195981383768
195981383805
195981398007
195981398014
195981398021
195981398038
195981398045
195981398069
195981398083
195981398090
195981431247
195981431254
195981431261
195981431278
195981431285
195981431292
195981431308
195981431315
195981431322
195981431339
195981431346
195981431353
195981431360
195981431377
195981431391
195981431407
195981431414
195981431438
195981431445
195981431452
195981431469
195981431476
195981431483
195981483000
195981483017
195981483024
195981483031
195981483123
195981483147
195981483154
195981540574
195981540598
195981540611
195981540659
195981540673
195981540697
195981540895
195981540918
195981540932
195981540970
195981540994
195981541014
195981545708
195981545722
195981545746
195981545807
195981545821
195981573329
195981573343
195981573367
195981573404
195981573428
195981573442
195981573480
195981573503
195981573527
195981573534
195981573565
195981573589
195981573602
195981597271
195981597295
195981597318
195981597370
195981597394
195981625394
195981625417
195981625431
195981625479
195981625493
195981625516
195981670219
195981670226
195981670233
195981670264
195982054506
195982054513
195982054520
195982054537
195982054544
195982054551
888664443346
888667421570
888667421587
888667421594
888667421808
888667421815
195982614168
195982614175
195982614199
195982614212
195981670257
195982135519
195982135533
195982135540
195982135557
195982135564
195982135571
195982135595
195982135601
195982135618
195982272894
195982272900
195982272917
195982272924
195982272931
195981120059
195981120066
195981120073
195981120080
195981120097
195981120103
195981120110
195981120127
195981120134
195981120141
195981224573
195981224580
195981224597
195981224610
195981224627
195981224634
195981224641
195981224658
195981224672
195982180908
195982180915
195982180946
195982180953
195982184715
195982184722
195982184739
195982184746
195982184760
195982332772
195982332789
195982332796
195982332802
195982332819
195982613727
195982613734
195982613741
195982613758
195982613765
886108765160
886108765177
886108765184
886108765191
886108765207
195982156804
195982156811
195982156828
195982156835
195982156842
195982156859
195982161808
195982161815
195982161822
195982161839
195982161846
886108730250
195978592715
195978592722
195981300628
195981300635
195981300642
195981300659
195981300666
195981300673
195981300741
195981070774
195981070781
195981070804
195981070811
195981070828
195981070835
195981261691
195981261707
195981261721
195981261738
195981261745
195981317053
195981317060
195981317077
195981317084
195982193830
195982193847
195982193854
195982193878
195982193885
195982193892
195982417400
195982417424
195982417448
195982417455
195981026993
195981056617
195981057003
195982315775
195982315782
195982315799
195982315805
195982315812
195982315829
195981187892
195981431421
195982196848
195982219431
195982219448
195982219455
195982225524
195982225531
195982225548
195982416502
195982447957
195982373409
195982373423
195978508792
195978508815
198711335600
198711335662
198711335686
198711335709
198711335723
195981606188
195981606249
195981606263
195981606287
195981606300
195981318968
195981318975
195981318982
195981318999
195981319002
195981319019
195981350258
198711326738
198711326752
198711326776
198711326851
195981597356
198711341557
198711341571
198711341595
198711341656
198711341670
194895851769
194895851776
194895851783
194895851790
194895851806
195981431384
195981176469
195981176476
195981176483
195981176490
195981176506
198711292538
198711292545
198711292552
198711292583
198711012068
198711012075
198711012082
198711012099
198711012105
198711065439
198711065446
198711065453
198711065477
198711296383
195981370645
195981008678
195981008685
195981008692
195981008708
195981008753
195981008760
195981008777
195981008784
194004536136
194895217152
193855199750
198711119576
198711119583
198711119590
198711119613
198711201424
198711201431
198711201448
198711201462
198711128653
198711128660
198711128677
198711128684
195978015764
195982609645
195982609652
195982609669
195982609676
195982609683
195982609690
195982609706
195982609713
195982609720
195982609737
195982609744
195982609751
198711026119
198711026126
198711026133
198711026140
198711026157
198711026164
194895851660
194895851677
194895851684
194895851691
194895851707
195982989266
195982989280
195982989297
195982989303
195982989310
198711447464
198711447471
198711447488
198711447495
198711447402
198711447419
198711447426
198711447433
198711080807
198711080814
198711080821
198711080838
198711080845
198711080852
198711080869
198711080876
198711080883
198711080890
198711080906
198711080913
198711335921
198711335983
198711336003
198711336027
198711336041
195982926964
195982926988
195982926995
195982927008
195982927015
195980975902
195980975919
195980975926
195980975940
195980975957
195980410250
198711265099
198711265105
198711265112
198711265129
198711265136
198711217609
198711217616
198711217395
198711217401
198711217418
198711217432
198711217449
793661519805
793661604914
793661519768
793661520061
198711895906
198711895913
198711945847
198711945830
199141042939
198711874208
198711874185
198711874239
198711889974
198711889967
198711889950
198711933080
198711933073
198711933103
198711971235
198711971242
198711971259
198711971266
198711871351
198711871337
195982196763
199141038635
198711807251
198711807220
198711807213
198711766213
198711766237
195982190341
198711791093
195982190358
198711791109
198711935817
198711897610
198711897597
199141072455
199141072448
195982267883
198711760549
198711897153
198711897139
198711935824
198711897627
198711897603
199141162484
199141162491
195982267876
198711760532
195982341088
198711863806
195982341071
198711863790
195982298832
198711031045
195982910468
195982910475
195982910444
195982910451
198711946646
198711831393
198711831508
198711056017
198711051609
195982883496
198711175664
198711175671
195982884523
198711292927
195982884271
199141152294
198711342110
199141152614
199141152355
199141152676
198711342134
199141152379
199141152690
199141152393
198711342158
199141152713
199141152416
199141152737
199141159088
198711342035
199141159101
199141159125
199141159002
199141159026
198711342059
199141159040
198711342073
198711342080
199141142288
199141142349
199141142363
199141142387
199141142400
199141121283
199141121306
199141121184
199141121207
199141121221
199141121429
199141121443
199141121467
199141121344
199141121368
199141121382
195982892931
195982893259
195982892955
195982893273
195982892832
195982893150
195982892856
195982893174
195982892870
195982893198
199141150863
199141150924
199141150948
199141150962
199141150986
199141109960
199141109984
199141110003
199141109885
199141109908
199141109922
199141109939
195981623970
199141121023
195982549040
195981624038
199141121085
195982549101
195981624052
199141121108
195982549125
195981624076
199141121122
195982549149
195981624090
199141121146
195982549163
199141145081
199141145104
199141144985
199141145005
199141145029
199141145036
198711326783
195981625448
199141145067
199141140819
199141140970
199141140871
199141141038
199141140895
195980558761
199141141052
199141140918
199141141076
199141140932
199141141090
195982532622
195982532646
195982532660
195982532547
195982532561
195982532585
195982532592
195980558822
195981545784
198711360275
198711360299
198711360312
198711360190
198711360213
198711360237
195980558846
195981545753
198711360244
199141129241
195980558860
199141129265
199141129289
199141129166
199141129180
199141129203
195981573374
199141129210
198711361678
195980558884
199141110287
199141110447
199141110300
199141110461
199141110324
199141110485
199141110201
199141110362
199141110225
199141110386
199141110249
199141110409
195982506807
199141147849
198711361739
195982506869
199141147900
198711361753
195982506883
199141147924
198711361777
195982506906
199141147948
198711361791
195982506920
199141147962
198711348389
195982526409
199141148907
199141148747
199141139158
198711348440
195982526461
199141139219
199141148921
199141148761
198711348464
195982526485
199141139233
198711348488
199141148808
199141148648
195982526508
199141139257
198711348501
195982526522
199141148822
199141148662
199141139271
199141540664
199141112984
199141113141
199141148846
199141148686
199141540688
199141113004
199141113165
195982535135
199141144183
199141540701
199141113028
199141113189
199141540589
195982535197
199141144244
199141112908
199141113066
199141540602
199141112922
195982535210
199141144268
199141113080
199141540626
199141112946
199141113103
195982535234
199141144282
199141540633
199141112953
199141113110
195981597325
195982535258
199141144305
195982515571
195982515595
195982515618
195982515496
195982515519
195982515533
195980526494
199141133446
199141133453
199141133460
199141133385
199141133392
199141133408
198711078927
198711078934
198711078941
198711078910
198711078903
198711078729
198711078705
198711078743
198711078712
198711078736
198711805035
198711805042
198711805073
198711805059
198711805066
198711851780
198711851797
198711851766
198711851742
198711851773
198711851759
198711851803
198711851858
198711851834
198711851827
198711851810
198711883194
198711883217
198711883187
198711883200
198711883170
198711891533
198711891465
198711891588
198711891595
198711891458
195982087078
195982087108
195982087061
195982087092
195982087085
195982087115
195982949017
195982948966
195982948973
195982948997
195982949000
195982948980
195982982519
195982982502
195982982526
195982982489
195982982533
195982982472
195982193496
195982193519
195982193502
195982193540
195982193557
199141028544
199141028551
199141028513
199141028520
199141028537
199141028582
199141028575
199141028568
199141028605
199141028599
199141028414
199141028421
199141028438
199141028445
199141028452
199141028506
199141028483
199141028490
199141028476
199141028469
198711865602
198711865626
198711865619
198711865596
198711865633
198711865503
198711865497
198711865510
198711865527
198711865534
198711961526
198711961502
198711961519
198711961489
198711961496
199141096956
199141096963
199141096970
199141096987
199141096994
198711768996
198711768989
198711769023
198711769009
198711769016
198711769092
198711769078
198711769085
198711769115
198711769108
198711916205
198711916199
198711916229
198711916212
198711916236
199141025567
198711851261
198711851247
198711851254
198711851223
198711851278
198711851414
198711851452
198711851445
198711851438
198711851421
198711851407
198711903601
198711903649
198711903618
198711903632
198711903625
198711903595
198711903564
198711903533
198711903557
198711903571
198711903540
199141080320
199141080375
199141080351
199141080344
199141080368
199141080313
199141080283
199141080290
199141080276
199141080269
195982276793
195982276762
195982276779
195982276755
195982276786
195982276748
198711820236
198711820243
198711820250
198711820274
198711820267
198711820403
198711820380
198711820359
198711820373
198711820397
198711820366
199141035566
199141035573
199141035559
199141035542
199141035580
199141035634
199141035627
199141035603
199141035610
199141035597
198711902994
198711903045
198711903007
198711903038
198711903021
198711903014
198711902987
198711902970
198711902956
198711902963
198711902932
198711902949
198711839283
198711839276
198711839306
198711839269
198711839290
198711839313
198711839320
198711839337
198711839351
198711839344
198711999758
198711999772
198711999796
198711999802
198711999765
198711999789
198711999888
198711999895
199141000007
199141000014
198711999901
198711999871
198711998546
198711998522
198711998515
198711998553
198711998539
198711998485
198711998478
198711998492
198711998508
198711998461
198711998584
198711998607
198711998591
198711998560
198711998577
198711799006
198711799044
198711799013
198711799037
198711799020
198711799068
198711799051
198711799075
198711799082
198711799099
198711756290
198711756306
198711756269
198711756283
198711756276
198711756207
198711756184
198711756191
198711756160
198711756177
195982258638
195982258652
195982258621
195982258645
195982258614
198711840340
198711840371
198711840364
198711840357
198711840333
198711840319
198711840326
198711840296
198711840289
198711840302
199141078174
199141078198
199141078167
199141078211
199141078204
199141078242
199141078273
199141078235
199141078228
199141078259
195982283555
195982283531
195982283500
195982283524
195982283548
198711974649
198711974625
198711974601
198711974632
198711974656
198711974618
198711974489
198711974533
198711974519
198711974526
198711974502
198711974496
198711755743
198711755729
198711755736
198711755767
198711755750
198711755712
198711755774
198711755828
198711755804
198711755811
198711755798
198711856969
198711857003
198711856952
198711856983
198711856990
198711856976
198711857027
198711857034
198711857058
198711857010
198711857065
198711857041
198711856945
198711856921
198711856891
198711856914
198711856938
199141067888
199141067901
199141067895
199141067871
199141067864
199141067918
199141067925
199141067949
199141067956
199141067963
199141067970
199141067932
199141022238
199141022245
199141022269
199141022276
199141022252
199141022030
199141022092
199141022054
199141022085
199141022047
198711960642
198711960659
198711960673
198711960680
198711960635
198711960468
198711960499
198711960475
198711960482
198711960505
198711892691
198711892707
198711892660
198711892714
198711892684
198711892554
198711892592
198711892561
198711892578
198711892547
199141242599
199141242605
199141242612
199141242629
199141242643
199141239872
199141239889
199141239896
199141239902
199141239926
199141239667
199141239674
199141239681
199141239698
199141239711
199141239810
199141239827
199141239834
199141239841
199141239865
199141241875
199141241882
199141241899
199141241905
199141241929
199141242421
199141242438
199141242445
199141242452
199141242414
199141242353
199141242360
199141242377
199141242384
199141242407
199141242292
199141242308
199141242315
199141242322
199141242346
195980583695
195980583701
195980583718
195980583725
195980583749
198711923135
198711923159
198711923142
198711923128
198711923173
198711813573
198711813535
198711813580
198711813559
198711813542
198711813566
198711813474
198711813481
198711813504
198711813511
198711813498
198711813528
195980396882
195980396875
195980396837
195980396851
195980396844
199141066812
199141066775
199141066805
199141066829
199141066782
198711923883
198711923913
198711923906
198711923876
198711923869
198711922077
198711922046
198711922039
198711922053
198711922060
198711921933
198711921902
198711921919
198711921957
198711921926
198711779381
198711779398
198711779404
198711779411
198711779374
198711779145
198711779138
198711779169
198711779114
198711779121
198711778971
198711778964
198711778995
198711778940
198711778957
198711804427
198711804380
198711804410
198711804403
198711804397
198711804212
198711804236
198711804243
198711804229
198711804205
198711804090
198711804106
198711804083
198711804076
198711804120
198711804168
198711804175
198711804182
198711804137
198711804144
198711804250
198711804298
198711804281
198711804304
198711804274
198711811418
198711811371
198711811401
198711811395
198711811425
198711811319
198711811357
198711811340
198711811364
198711811326
198711811265
198711811289
198711811296
198711811258
198711811272
199141235645
199141235652
199141235607
199141235614
199141235638
199141234686
199141234693
199141235508
199141235515
199141235539
199141235546
199141235553
199141235560
199141235577
199141235591
199141235881
199141235898
199141235904
199141235911
199141235935
199141235829
199141235836
199141235843
199141235850
199141235874
199141219560
199141219577
199141219584
199141219591
199141219614
199141219447
199141219454
199141219461
199141219478
199141219492
198711776625
198711776618
198711776632
198711776595
198711776588
198711776519
198711776496
198711776472
198711776465
198711776489
199141063460
199141063491
199141063453
199141063446
199141063477
199141063262
199141063279
199141063293
199141063309
199141063316
199141063415
199141063392
199141063385
199141063422
199141063439
195982382722
195982382746
195982382715
195982382708
195982382739
195982382692
195982382579
195982382623
195982382616
195982382593
195982382609
195982382586
198711959578
198711959561
198711959547
198711959530
198711959585
198711959462
198711959417
198711959424
198711959448
198711959455
198711954214
198711954207
198711954221
198711954238
198711954245
198711954283
198711954276
198711954252
198711954290
198711954306
198711950957
198711950926
198711950919
198711950940
198711950964
198711950933
198711950971
198711951022
198711950995
198711951008
198711951015
198711950988
198711889516
198711889523
198711889547
198711889530
198711889509
198711889493
198711889431
198711889448
198711889479
198711889455
198711889486
198711889462
198711994319
198711994326
198711994364
198711994340
198711994302
198711994258
198711994289
198711994265
198711994234
198711994272
198711796425
198711796432
198711796463
198711796470
198711796449
198711796401
198711796388
198711796364
198711796418
198711796357
195979462413
195979462383
195979462406
195979462420
195979462390
198711014178
198711014154
198711014185
192660311586
192660311593
192660311609
192660311616
192660311623
195981204070
195981204094
199141056516
199141056509
199141056523
199141056486
199141056479
199141056493
198711780004
198711780035
198711780028
198711779992
198711780042
198711842023
198711842047
198711842009
198711842030
198711841996
195982939773
195982939766
195982939797
195982939803
195982939810
195982939780
198711265143
199141207932
199141207956
199141207970
199141207994
199141208007
199141207840
199141207864
199141207888
199141207901
199141207918
199141207277
199141207284
199141207512
199141207529
198711863691
198711863622
198711863684
198711863615
198711863707
198711863660
198711863769
198711862984
198711863028
198711863004
198711862908
198711863035
198711862977
198711862953
195980475525
195980475532
195980475587
195980475518
195980475495
195980475556
198711435751
198711435768
198711435775
198711435782
198711435737
198711435744
198711951503
198711951473
198711951480
198711951404
198711951411
198711951497
199141010846
199141010884
199141010839
199141010853
199141010860
199141010877
199141010815
199141010785
199141010822
199141010792
199141010808
199141010778
195982358307
195982358291
195982358314
195982358284
195982358277
195982358260
195982358185
195982358154
195982358161
195982358178
195982358147
195982358192
195982368481
195982368498
195982368474
195982368443
195982368467
198711973918
198711973895
198711973901
198711973932
198711973888
195982122014
195982121970
195982122021
195982122007
195982121994
195982121987
195980345521
195980345538
195980345491
195980345514
195980345507
195980345545
198711987014
198711987038
198711987021
198711987007
198711986987
198711986956
198711986932
198711986963
198711986949
198711986970
198711990182
198711990205
198711990175
198711990151
198711990168
198711990137
198711990113
198711990106
198711990090
198711990120
199141028872
199141028889
199141028896
199141028865
199141028858
888664365273
886108341999
886108765153
886108765221
198711775239
198711775260
198711775253
198711775222
198711775277
198711873409
198711873423
198711873416
198711873447
198711873393
198711873430
198711873317
198711873270
198711873287
198711873324
198711873294
198711873300
199141034354
199141034385
199141034361
199141034347
199141034392
199141034316
199141034323
199141034286
199141034293
199141034309
195978605804
195979299248
195979299354
195982613710
198711812002
198711812200
199141055625
199141055533
199141214794
199141214824
199141215067
199141215098
195978603961
195978604043
195978603954
199141208809
199141208830
199141208861
199141208724
199141208755
199141208786
198711838279
198711838361
198711838217
198711838255
198711838309
198711838194
198711767609
198711767623
198711767470
198711767593
198711767449
198711767524
198711767531
198711767425
198711767166
198711767210
198711767241
198711767159
198711767340
198711767197
198711767326
198711767227
195978606450
195978606610
198711908521
198711908392
198711908576
198711907913
198711907869
198711907968
198711252563
198711252518
198711252525
198711252907
198711253102
198711252952
195982188065
195982188072
195982188133
195982188003
195982188034
195982188027
195982188041
195982188058
198711888724
198711888762
198711888755
198711888700
198711888748
198711888731
198711888533
198711888564
198711888571
198711888519
198711888526
198711888557
198711216671
198711216664
198711216657
198711216626
198711216633
198711216640
198711216749
198711216756
198711216763
198711216787
198711216770
198711216794
193855113619
193855113626
193855113633
193855113640
193855113657
198711757259
198711757235
198711757280
198711757266
198711757273
198711762406
198711762413
198711762369
198711762383
198711762376
198711766930
198711766947
198711766978
198711766961
198711766923
198711766886
198711766916
198711766909
198711766862
198711766879
198711981494
198711981524
198711981517
198711981500
198711981470
198711981562
198711981579
198711981548
198711981555
198711981531
198711928987
198711811098
198711811111
198711811081
198711811104
198711811074
198711810954
198711810985
198711810961
198711810992
198711811005
198711883866
198711881213
195982981086
195982981062
195982981079
195982981055
195982981093
195981639063
195981639070
195981639087
195981639094
195981639209
198711776083
198711776069
198711776045
198711776052
198711776090
198711776021
198711775994
198711776007
198711776038
198711775987
198711775918
198711775888
198711775864
198711775895
198711775901
198711095047
198711095009
198711095054
198711095030
198711095016
195982410975
195982410968
195982410982
195982410951
195982410999
198711768354
198711768347
198711768378
198711768361
198711768330
198711935862
198711935855
198711935886
198711935893
198711935909
195980276696
195980278140
195980278096
195980278102
195980278119
195980278133
195980278126
198711992315
198711992353
198711992346
198711992308
198711992339
198711992322
198711992223
198711992193
198711992230
198711992209
198711992186
198711069512
198711069543
198711069505
198711069536
198711069499
198711770654
198711770623
198711770647
198711770630
198711770661
198711770692
198711770685
198711770708
198711770739
198711770722
192290117619
192290117626
192290117633
192290117640
192290117657
192290117664
198711787522
198711787508
198711787485
198711787515
198711787492
198711787218
198711787171
198711787195
198711787188
198711787225
198711825798
198711825828
198711825781
198711825835
198711825804
195982385785
195982385808
195982385761
195982385792
195982385754
195982095790
195982095783
195982095806
195982095776
195982095813
195982095837
195982095851
195982095875
195982095868
195982095844
198711825637
195982273129
195982273136
195982273105
195982273112
195982273099
198711793097
198711793103
198711793080
198711793066
198711793073
195982164021
195982164038
195982164007
195982164014
195982163994
198711748912
198711748950
198711748929
198711748936
198711748943
198711256189
198711256172
198711256196
198711256202
198711256219
195982163741
195982163758
195982163789
195982163765
195982163772
198711814143
198711814181
198711814174
198711814150
198711814167
198711814136
198711814075
198711814082
198711814105
198711814129
198711814112
198711814099
195982135588
199141061022
199141061077
199141061046
199141061060
199141061053
199141060988
199141061008
199141060964
199141061015
199141060995
199141060971
198711924200
198711924231
198711924255
198711924224
198711924248
198711924187
198711924163
198711924156
198711924149
198711924170
195982614045
195982614052
195982614069
195982614076
195982614083
195982614090
195982344973
198711821752
198711121418
199141094624
195982883663
195982883649
793661640042
59715005626
59715005657
59715005633
59715005640
4046051185682
4046051180083
4046051185446
23616719777
23616719760
23616719753
23616719784
23616719807
23616720124
23616720117
23616720100
23616720131
23616720155
23616720056
23616720049
23616720032
23616720063
23616720087
23616688370
23616688363
23616688356
23616688387
23616688400
4046051170121
4046051187518
4046051185576
8428927606211
8428927606228
8428927606235
8428927604279
8428927604651
8428927604200
8428927604217
8428927605504
8428927605771
8428927606204
8428927605481
8428927605498
8428927605764
8428927605788
8428927605795
888458779323
888458779330
888458779347
888458779354
888458779361
888458779378
199141596227
199141596234
199141596241
199141596258
199141596272
199141596128
199141596142
199141596159
199141596166
199141596173
193855113060
199141895757
199141895771
199141895788
199141895795
199141896303
199141896389
199141896396
199141897706
199141897713
199141897720
199141896327
199141896334
199141896341
199141896358
199141896365
199141727072
199141727089
199141727096
199141727614
199141727621
199141774120
199141774137
199141774151
199141774168
199141774175
198711020223
198711020230
198711020247
198711020254
198711020261
199141743256
199141743270
199141743287
199141743294
199141743300
199141767825
199141767832
199141767856
199141767863
199141767870
199141767764
199141767771
199141767788
199141767795
199141767818
199141598054
199141598061
199141598078
199141598085
199141598092
199141934739
199141934746
199141934753
199141934760
199141934777
199141388891
199141388907
199141388914
199141388938
199141388945
194895851714
194895851721
194895851738
194895851745
194895851752
199141666647
199141666654
199141666661
199141666678
199141666685
199141666715
199141666722
199141666739
199141666746
199141666753
199141666531
199141666548
199141666562
199141666579
199141666586
199141666487
199141666494
199141666500
199141666517
199141666524
199141666432
199141666449
199141666456
199141666463
199141666470
199644072617
199644072624
199644072631
199644072648
199644072662
199141600276
199141600290
199141600306
199141600313
199141600320
199141600337
199141600344
199141600351
199141600368
199141600382
199141987476
199141987483
199141987506
199141987513
199141987520
199141935705
199141935712
199141935729
199141935736
199141935743
199141935637
199141935644
199141935668
199141935675
199141935682
199141747445
199141747452
199141747469
199141747476
199141747483
199141747490
199644092851
199644092882
199644092912
199644092943
199644092974
199644093001
194895622277
199141961544
199141961551
199141961568
199141961575
199141961582
199141961599
199141355329
199141355336
199141355343
199141355350
199141355367
199141355374
199141594988
199141594995
199141595008
199141595015
199141595039
199141978924
199141978931
199141978948
199141978955
199141978962
199141978979
199141979136
199141979143
199141979150
199141979167
199141979174
199141979181
199141716373
199141716397
199141716427
199141716434
199141716458
199141716472
199141716250
199141716274
199141716281
199141716311
199141716328
199141716359
199141716502
199141716533
199141716540
199141716571
199141716588
199141716601
199141362273
199141362280
199141362297
199141362303
199141362310
199141353509
199141353516
199141353523
199141353530
199141353547
199644099737
199644099744
199644099751
199644099768
199644099676
199644099683
199644099690
199644099706
199141603925
199141603932
199141603956
199141603963
199141603864
199141603871
199141603888
199141603918
199141356401
199141356418
199141356425
199141356432
199141356449
199141356456
199141356463
199141356470
199141356487
199141356494
199141356500
199141356517
199141695203
199141695210
199141695227
199141695234
199141695241
199141695258
199141695265
199141695272
199141695289
199141695302
199141695319
199141695036
199141695043
199141695050
199141695067
199141695074
199141695081
199141695098
199141695104
199141695111
199141695128
199141695135
199141695142
199141635155
199141635162
199141635179
199141635186
199141635193
199141635278
199141635285
199141635292
199141635308
199141635315
199141347188
199141347195
199141347201
199141347218
199141347225
199141347232
199141924785
199141924792
199141924808
199141924815
199141924822
199141924839
199141924846
199141924853
199141924860
199141924877
199141924884
199141924891
199141922293
199141922309
199141922316
199141922323
199141922330
199141922347
199141921944
199141921951
199141921968
199141921975
199141921982
199141921999
199141910481
199141911501
199141911518
199141911525
199141911532
199141912522
199141912539
199141912546
199141912553
199141912560
199141960660
199141960684
199141960707
199141960714
199141960486
199141960493
199141960509
199141960530
195982557786
195982557793
195982557809
195982557816
195982557823
195982557830
199141921227
199141921234
199141921241
199141921258
199141921265
199141921272
190893291934
190893291941
190893291958
190893291965
191454084712
191454084729
190893291811
190893291828
190893291835
190893291842
191454089007
191454089014
199141731512
199141731529
199141731536
199141731543
199141731550
199141731567
198711141812
198711141829
198711141836
198711141843
198711141850
198711141867
199141742709
199141742716
199141742723
199141742730
199141742747
199141742754
199141032893
199141032909
199141032916
199141032923
199141032930
199141032947
198711755378
198711755385
198711755392
198711755408
198711755415
198711755422
194895840930
194895840947
194895840954
194895840961
194895840978
194895840985
194895839613
194895839637
194895839651
194895839675
194895839699
194895839712
198711146190
198711146206
198711146213
198711146244
198711146251
198711146275
195978711376
195978711390
195978711536
195978711635
195978978649
195978978670
195978978700
195978978731
199141751367
199141751374
199141751381
199141751398
199141751503
199141751510
199141751589
199141751596
199141752005
199141752012
199141752029
199141752036
199141925652
199141925669
199141925676
199141925683
199141925690
199141925706
199141925591
199141925607
199141925614
199141925621
199141925638
199141925645
198711950858
198711950865
198711950872
198711950889
198711950896
198711950902
199141635902
199141635919
199141635926
199141635933
199141635940
199141635957
195982845494
195982845500
195982845517
195982845524
195982845531
195982845548
195981123647
195981123654
195981123661
195981123678
195981123685
195981123692
199141137840
199141137901
199141137925
199141137949
199141137963
199141829059
199141829073
199141829080
199141829141
199141829189
199141157909
199141157961
199141157985
199141158005
199141158029
195981606027
195981606089
195981606102
195981606126
195981606140
199141862032
199141862063
199141862100
199141862117
199141862148
199141862230
199141862254
199141862261
199141862285
199141862292
199141838273
199141838303
199141838310
199141838365
199141838372
199141858523
199141858561
199141858592
199141858608
199141858615
199141858646
199141110256
198711327834
198711327858
198711327872
198711327889
198711327919
198711327933
198711327957
199141832776
199141832783
199141832813
199141832837
199141832844
199141832875
199141832882
199141859797
199141859810
199141859827
199141859858
199141859865
199141859872
199141859889
199141859445
199141859452
199141859476
199141859483
199141859490
199141859520
199141859551
199141852897
199141852910
199141852927
199141852941
199141852958
199141852965
199141852996
199141853207
199141853221
199141853269
199141853276
199141853290
199141853306
199141853313
199141853054
199141853078
199141853092
199141853115
199141853122
199141853139
199141853153
199141839072
199141839119
199141839126
199141839133
199141839157
199141839164
199141839188
199141528419
199141528433
199141528457
199141528464
199141528495
199141528518
199141528532
198711341717
198711341731
198711341755
198711341762
198711341793
198711341816
198711341830
199141884522
199141884539
199141884584
199141884591
199141884621
199141884638
193855135185
199141684962
199141921098
199141921586
199141956014
199141361238
199141339275
199141339282
199141339299
199141339305
199141339718
199141339725
199141339732
199141339749
199141949016
199141949023
199141949047
199141949054
199141719718
199141719725
199141719732
199141719749
199141677476
199141677483
199141677490
199141677513
199141983294
199141983300
199141983317
199141983324
195981188271
195981188288
195981188295
195981188318
199141971376
199141971383
199141971390
199141971413
199644010657
199644010664
199644010671
199644010688
195982945903
195982945927
195982945934
195982945941
199141972366
199141972380
199141972397
199141972403
195981483130
199644010602
199644010619
199644010626
199644010633
199141950357
199141950364
199141950388
199141950395
198711082061
198711082078
198711082085
198711082092
199141359655
199141359662
199141359679
199141359686
199141806357
199141806364
199141806388
199141806395
199141364062
199141364079
199141364086
199141364093
199141364024
199141364031
199141364048
199141364055
198711120190
198711120206
198711120213
198711120220
199141957578
199141957585
199141957592
199141957608
199141359334
193855199774
199141341452
199141341445
199141352724
199141352717
199141989630
198711168475
199141587034
199141711873
199141711897
199141808504
199141808511
199141594100
198711206429
199141766965
199141766972
199141761687
199141761694
199141602218
199141602232
199141602249
199141602256
199141602140
199141602164
199141602188
199141602195
199141405727
199141405734
199141405741
199141405758
199141405673
199141405680
199141405697
199141405703
199141394489
199141394526
198711933134
199141333693
194895591870
199141718186
199141649657
199141649664
199141649671
199141649688
199141649701
199141649718
199141649725
199141649732
199141368503
199141368497
199141716731
199141716748
199141716670
199141716687
199141593615
199141593639
199141593646
199141593653
195980410298
199141650165
199141650172
199141650189
199141650196
199141650202
199141650219
195982976761
195982976778
195982976785
195982976792
195982976815
198711177668
198711177682
198711177699
198711177743
198711177767
195982608808
195982608815
195982608822
195982608839
195982608846
195982608853
199141774601
199141774618
199141774625
199141774632
199141774649
199141774656
195981094169
195981094176
195981094183
195981094206
195981094213
195981095609
195981095616
195981095623
195981095647
195981095654
199141636268
199141636282
199141636299
199141636305
199141636312
190178333298
190178333403
190178333410
190178333427
192660484679
192660484686
192660485638
192660485645
886108852396
886108852402
886108852419
886108852426
192660481319
192660481326
884791138438
884791138445
884791138452
884791138469
195981670486
195981670493
195981670509
198711772948
198711772955
198711772962
195981125276
195981125283
195981125290
195981125306
195981125313
199141653098
199141653104
199141653111
199141653128
199141653135
199141957769
199141957776
199141957783
199141957790
199141957806
199141957813
199141957820
199141957837
199141957844
199141957851
199141683798
199141683804
199141683811
199141683828
199141683835
199141683842
199141683859
199141683866
199141683873
199141683880
199141683897
199141683903
199141391501
195982857640
195982857657
199141971987
199141971994
195982285788
199141076897
195982187341
195980264631
198711820748
199141995044
198711899263
198711899270
199141610527
199141610534
199141610541
199141610558
199141610565
199141610572
199141610589
199141610596
199141610602
199141610619
190540563735
199141616208
199141616215
199141616222
199141616239
199141616246
199141616253
199141616314
199141616321
199141616345
199141616352
199141616369
198711250644
198711250651
198711250668
198711250675
198711250682
199141095034
199141095041
199141095058
199141095065
199141095072
199141324295
199141324301
199141324318
199141324325
199141324332
195981656718
195981656725
195981656732
195981656749
199141994795
199141994801
199141994818
199141994825
199141994832
199141994849
195981107364
195981107371
195981107388
195981107395
195981107401
195981107265
195981107272
195981107289
195981107296
195981107302
199141771785
199141771792
199141771808
199141771815
199141771822
199141352656
199141352663
199141352670
199141352687
199141352694
199141352557
199141352564
199141352571
199141352588
199141352595
199141980170
199141980187
199141980194
199141980200
199141980217
199141980224
199141980231
199141980248
199141980255
199141980262
199141981702
199141981719
199141981726
199141981733
199141981740
199141882115
199141882122
199141882139
199141882146
199141882153
199141880012
199141880029
199141880036
199141880043
199141880050
195981069853
195981069860
195981069877
195981069884
195981069891
199141605325
199141605332
199141605349
199141605356
199141605363
199141916650
199141916667
199141916674
199141916681
199141916698
199141916605
199141916612
199141916629
199141916636
199141916643
199141916551
199141916568
199141916575
199141916582
199141916599
198711793660
198711793677
198711793684
198711793691
198711793707
199141741214
199141741221
199141741238
199141741245
199141741252
199141398760
199141398777
199141398784
199141398791
199141398807
199141398913
199141398920
199141398937
199141398944
199141398951
199141398814
199141398821
199141398838
199141398845
199141398852
199141398869
199141398876
199141398883
199141398890
199141398906
199644101553
199644101560
199644101577
199644101584
199644101591
199644101607
195981112269
195981112283
195981112399
195981112405
199141781296
199141781302
198711217586
198711217593
198711217623
199141362907
199141362914
199141362921
199141362938
199141362945
195981134612
195981134629
195981134636
195981134643
195981134650
195981134667
199141713389
199141713396
199141713402
199141713419
199141713426
199141713433
199141713440
199141713457
199141713464
199141713471
199141713488
199141713495
198711295003
198711295010
198711295027
198711295034
198711295058
199141776919
199141776926
199141776933
199141776957
199141776964
199141323038
199141323045
199141323052
199141323069
199141323076
199141323083
195981300802
195981300819
195981300826
195981300833
195981300840
199141323090
199141323106
199141323113
199141323120
199141323137
199141323144
195982451701
195982451718
195982451725
195982451732
195982451749
199141961308
199141961315
199141961322
199141961339
199141961346
195981319910
199141930366
199141930373
199141930380
199141930397
199141930410
199141930311
199141930328
199141930335
199141930342
199141930359
199141930427
199141930434
199141930441
199141930465
199141930472
199644101676
199644101683
199644101690
199644101706
199644101713
199644101720
198711794476
198711794483
198711794490
198711794506
198711794513
198711794520
199141948606
199141948613
199141948620
199141948637
199141948644
199141948651
195982940427
195982940434
195982940441
195982940458
195982940465
195982940472
195981073423
195981073430
195981073447
195981073454
195981073461
195981073478
199141718568
199141718575
199141718599
199141718605
199141718612
199141720264
199141720288
199141720295
199141720301
199141720318
199141611760
199141611777
199141611784
199141611791
199141611807
199141611814
199141611586
199141611593
199141611609
199141611616
199141611623
199141611647
199141611654
199141611661
199141611678
199141611685
199141611692
199141611524
199141611531
199141611555
199141611562
199141611579
199141956038
199141956045
199141956052
199141956069
199141956076
199141956083
195981306545
199141984000
199141984024
199141984031
199141984048
199141984055
195981308495
195981308501
195981308518
195981308525
195981308532
195981308549
199141716014
199141716038
199141716045
199141716052
199141716069
199141715956
199141715970
199141715987
199141715994
199141716007
199141715895
199141715901
199141715918
199141715925
199141715932
199141715949
199141716076
199141716083
199141716106
199141716113
199141716120
199141757628
199141757635
199141757659
199141757666
195981368192
195981368208
195981368215
195981368222
195981368239
195981368246
886535736993
886535737006
886535737013
886535737020
195982610061
195982610078
195982610085
195982610092
195981375756
195981375770
195981375787
195981375794
195981375800
195981375695
195981375701
195981375725
195981375732
195981375749
195980977135
195980977142
195980977159
195980977166
195980977173
195980977180
195981399776
195981399783
195981399790
195981399806
195981399813
195981399820
195981158700
195981158717
195981158724
195981158731
195981158748
195981158755
199141679241
199141679258
199141679265
199141679272
199141679289
199141679296
195982929408
195982929415
195982929422
195982929460
195982929477
195982929484
199644192001
199644192018
199644192025
199644192032
199644192049
199644192056
199644191943
199644191950
199644191967
199644191974
199644191981
199644191998
199644101249
199644101256
199644101263
199644101270
199644101294
199644101126
199644101133
199644101140
199644101157
199644102857
199644102864
199644102871
199644102888
199644102901
198711292910
195982892887
195982892917
195982893204
195982893235
190423147526
190423147557
190423147588
190423147618
190423147649
4046051190563
4046051180298
888664407379
