008949679844
019089386103
019229032679
023616313463
023616313708
023616327002
023616327569
023616327620
023616334727
023616334819
023616335229
023616335373
023616340162
023616348779
023616353537
023616353681
023616362102
023616368135
023616368951
023616402358
023616414054
023616414498
023616422455
023616455040
023616466534
023616467050
023616467159
023616486792
023616503093
023616544591
023616544614
023616606251
023616606961
023616612900
023616613723
023616613730
023616613747
023616614102
023616616007
023616623852
023616646479
023616646493
023616646523
023616646547
023616661038
023616663339
023616664367
023616664503
023616664510
023616664534
023616668341
023616670054
023616670092
023616670115
023616670955
023616670986
023616671044
023616671143
023616671280
023616673055
023616676438
023616682552
023616686543
023616686567
023616686574
023616687090
023616687120
023616687151
023616687786
023616688356
023616689070
023616692681
023616696139
023616696450
023616700409
023616701550
023616702472
023616702496
023616702717
026217485560
061282003295
061282075025
190178032795
190178071978
190178133751
190178416359
190178416366
190178416380
190178457529
190178485607
190178490588
190178918402
190178956749
190344385502
190540133907
190540473645
190540878839
190540939493
190893027236
190893027298
190893027328
190893183048
190893223508
190893223546
190893342858
190893743709
190893743730
190893743754
190893745116
190893760089
190893779494
190893787864
190893803328
190893810197
191454520531
191454567765
191454645449
191454645487
191454673244
191454713711
191454988706
191455019850
191455206069
191455206472
191455234062
191455234079
191455473461
191455473478
191455594029
191455643147
191455774704
191455781511
191455781931
191455943100
191764846185
191764846246
191764846253
191764846529
192290064432
192290064456
192290112874
192290132520
192290135132
192290150166
192290162015
192290325809
192290325816
192290325823
192290327087
192290403446
192290480997
192290708787
192290843266
192290843358
192290843372
192290868283
192290902444
192290904509
192290906237
192290906244
192660043623
192660043654
192660112589
192660181783
192660233000
192660249636
192660249704
192660276496
192660276502
192660311890
192660311906
192660311913
192660343006
192660371498
192660388557
192660396187
192660398716
192660415277
192660430850
192660430904
192660452098
192660452142
192660452166
192660452258
192660452302
192660452319
192660452333
192660452456
192660460451
192660460659
192660463766
192660473888
192660487809
192660643380
192660645544
192660645971
192660652870
192660661605
192660680095
192660687810
192660708089
192660734712
192660742199
192660907277
192660908038
192660934839
193553032106
193553058786
193553058830
193553058878
193553142560
193553153351
193553166597
193553172833
193553290285
193553369530
193553412472
193553677093
193855129344
193855139671
193855143890
193855193635
193855199750
193855201828
193855202672
193855212244
193855232686
193855290778
193855335196
193855335240
193855350717
193855384484
193855384507
193855438958
193855475472
193855476028
193855484528
193855500679
193855528642
193855543775
193855548404
193855731554
193855737181
193855924734
193855924819
193855926455
193855979284
193855979307
194003229473
194003229633
194003232398
194003236082
194003342684
194003376559
194003381546
194003439353
194003453182
194003533198
194003582448
194003642357
194003651571
194003813450
194004140890
194004150608
194004152435
194004152497
194004158673
194004158697
194004174475
194004190444
194004191434
194004191540
194004200211
194004200235
194004217080
194004227553
194004360748
194004396808
194004418432
194004474711
194004490520
194004504180
194004504203
194004509369
194004531032
194004580719
194004581990
194004582034
194004582041
194004592552
194004604354
194004642660
194004642684
194004642691
194004642707
194004643643
194004643650
194004651006
194004659828
194004670151
194004670441
194004670465
194004678935
194004681584
194004691675
194004697059
194004697684
194004704122
194004993465
194894005491
194894073261
194894137833
194894137857
194894146552
194894252031
194894252093
194894252116
194894317808
194894331842
194894353653
194894404478
194894411148
194894411490
194894432181
194894454503
194894454534
194894478486
194894485859
194894501498
194894514771
194894549001
194894565124
194894569245
194894577011
194894588857
194894598979
194894665657
194894672242
194894685785
194894701430
194894786062
194894788165
194894789322
194894794531
194894796696
194894800478
194894800485
194894824269
194894836606
194894971727
194895033448
194895033493
194895072966
194895072973
194895093978
194895095248
194895095330
194895096993
194895159735
194895159766
194895166689
194895176886
194895182955
194895187806
194895187837
194895230502
194895232094
194895238799
194895244691
194895287964
194895287995
194895289944
194895289968
194895293163
194895296515
194895315957
194895316022
194895329558
194895360421
194895388296
194895434214
194895444541
194895491675
194895519072
194895541691
194895547617
194895593737
194895606338
194895606727
194895618652
194895633976
194895667902
194895673972
194895676584
194895682011
194895689270
194895689546
194895692553
194895708858
194895711117
194895717584
194895724223
194895745303
194895752042
194895755357
194895758921
194895761082
194895774921
194895839279
194895852070
195883325828
195883325958
195883401577
195978089321
195978201129
195978226771
195978228201
195978228829
195978241156
195978269150
195978282593
195978282678
195978365845
195978402113
195978407576
195978416691
195978418497
195978443536
195978480937
195978481323
195978484454
195978488698
195978488711
195978504138
195978513109
195978516476
195978524020
195978550616
195978587780
195978587797
195978600489
195978602742
195978605538
195978605699
195978605705
195978605729
195978653676
195978658183
195978659692
195978676101
195978722457
195978762118
195978765058
195978765669
195978767823
195978768967
195978776320
195978777259
195978780976
195978784004
195978784028
195978790456
195978790890
195978790968
195978794492
195978798810
195978799565
195978805204
195978807246
195978810468
195978819454
195978897780
195978897827
195979094157
195979099497
195979099503
195979101855
195979102166
195979112745
195979118518
195979128425
195979167066
195979174590
195979226831
195979250126
195979250669
195979266684
195979286491
195979299286
195979299293
195979299309
195979299316
195979308940
195979323431
195979323448
195979323493
195979323523
195979323547
195979323622
195979380458
195979405106
195979405939
195979408220
195979443276
195979443283
195979444334
195979456238
195979456245
195979456276
195979481780
195979485696
195979489359
195979505844
195979510084
195979515959
195979539160
195979539191
195979571726
195979585570
195979591984
195979610593
195979637255
195979644277
195979669331
195979696252
195979698409
195979725532
195979731779
195979732202
195979735708
195979736637
195979744960
195979745202
195979757892
195979762650
195979764302
195979764340
195979858049
195980009645
195980011662
195980080293
195980107372
195980126410
195980138444
195980148849
195980150538
195980171960
195980175135
195980175166
195980175180
195980203395
195980235105
195980241373
195980249867
195980253383
195980254953
195980260527
195980280129
195980286886
195980318082
195980326568
195980330770
195980333795
195980333832
195980333887
195980333900
195980342193
195980345576
195980350051
195980364126
195980372190
195980376440
195980385978
195980386470
195980394222
195980414685
195980436250
195980437172
195980448871
195980454186
195980459846
195980459877
195980475624
195980510011
195980511391
195980511940
195980512091
195980516402
195980523080
195980525909
195980526203
195980527262
195980527644
195980527705
195980539593
195980542951
195980551861
195980552882
195980553667
195980556477
195980560016
195980563758
195980564014
195980564618
195980564816
195980565158
195980566100
195980569323
195980569408
195980575201
195980611473
195980611497
195980611510
195980735278
195980735322
195980735339
195980735353
195980820424
195980820431
195980835176
195980849623
195980977746
195980980562
195980981118
195980985000
195980985192
195980985239
195980985604
195980986076
195980986106
195980986427
195980987011
195980992039
195980992411
195980995603
195980996242
195980996761
195980997638
195980998512
195980998703
195980998864
195980999526
195980999540
195980999656
195980999830
195981000054
195981000061
195981004441
195981007534
195981011579
195981012989
195981013061
195981013603
195981014877
195981016888
195981017700
195981021264
195981021479
195981028348
195981028409
195981035865
195981041330
195981041958
195981042481
195981043297
195981043310
195981043341
195981045307
195981045765
195981048131
195981050752
195981052725
195981054316
195981054422
195981056594
195981056792
195981070712
195981070842
195981070880
195981071023
195981071061
195981071085
195981075137
195981075809
195981078527
195981083989
195981084016
195981089288
195981092646
195981096880
195981097443
195981097528
195981099003
195981099317
195981102857
195981102970
195981103434
195981109849
195981117523
195981117547
195981118469
195981118506
195981118858
195981118865
195981120219
195981120233
195981120431
195981122572
195981123562
195981125986
195981127263
195981127805
195981131994
195981134186
195981137415
195981138566
195981144888
195981145083
195981147032
195981147407
195981147582
195981148589
195981151688
195981152241
195981159165
195981169874
195981172362
195981172935
195981174021
195981177923
195981177947
195981177992
195981178067
195981178159
195981178241
195981185836
195981186697
195981186734
195981188936
195981190335
195981195132
195981208108
195981210200
195981210224
195981210231
195981220032
195981220124
195981236286
195981252118
195981261868
195981262322
195981262384
195981264029
195981264036
195981265835
195981268263
195981277265
195981291780
195981304503
195981308174
195981311464
195981314786
195981317480
195981317503
195981318814
195981318920
195981320589
195981320930
195981321562
195981332025
195981336108
195981336252
195981343007
195981347593
195981353679
195981355673
195981362428
195981370652
195981375930
195981376234
195981376241
195981376272
195981376388
195981376432
195981379686
195981380576
195981388589
195981389722
195981399868
195981407204
195981407259
195981411904
195981416534
195981416541
195981416657
195981416664
195981416671
195981418965
195981427455
195981427493
195981427578
195981427608
195981427745
195981428285
195981428377
195981429725
195981429787
195981430189
195981430349
195981432886
195981432893
195981438406
195981442830
195981447453
195981463163
195981463989
195981464689
195981471168
195981471212
195981474947
195981477429
195981477436
195981479607
195981479638
195981480146
195981483857
195981486568
195981488760
195981489071
195981489088
195981491661
195981493320
195981499377
195981503302
195981504439
195981504866
195981507485
195981512038
195981514766
195981514827
195981520798
195981521658
195981521665
195981521825
195981535037
195981535822
195981537864
195981537970
195981538540
195981538588
195981539332
195981539509
195981539653
195981539820
195981539950
195981539974
195981540703
195981540789
195981542721
195981543988
195981544527
195981547412
195981549164
195981549348
195981549591
195981549898
195981550054
195981550559
195981550788
195981554168
195981554601
195981554984
195981557091
195981557145
195981557572
195981557824
195981557978
195981557985
195981558050
195981558142
195981558166
195981558258
195981558296
195981558562
195981559873
195981560404
195981562927
195981563023
195981563207
195981564570
195981565638
195981566772
195981566925
195981568721
195981569094
195981570564
195981572278
195981572865
195981573381
195981574708
195981574869
195981575668
195981577709
195981577846
195981577877
195981577952
195981578003
195981578119
195981578195
195981580426
195981581096
195981581102
195981581133
195981581140
195981581225
195981581300
195981581324
195981581348
195981581935
195981583007
195981583021
195981583618
195981584394
195981584400
195981584417
195981584448
195981584462
195981584493
195981584844
195981585162
195981585582
195981587999
195981588095
195981588170
195981588279
195981588392
195981588897
195981589375
195981589719
195981591231
195981591804
195981592573
195981592870
195981595147
195981595154
195981595826
195981596144
195981596229
195981596236
195981597400
195981599077
195981599428
195981601442
195981601749
195981601763
195981601770
195981601787
195981601855
195981601879
195981601886
195981601893
195981602234
195981602814
195981605518
195981606058
195981606065
195981606225
195981606256
195981606317
195981609196
195981609264
195981611878
195981611908
195981611984
195981612677
195981612684
195981612899
195981613025
195981614435
195981614510
195981614565
195981614589
195981614619
195981615036
195981615166
195981615333
195981615364
195981615463
195981615494
195981615517
195981615906
195981616644
195981617245
195981617887
195981621310
195981621334
195981621648
195981621754
195981621792
195981622676
195981622683
195981623062
195981623451
195981624533
195981625097
195981625257
195981627565
195981657166
195981658569
195981658583
195981658675
195981659603
195981660463
195981669923
195981736489
195981737615
195981738612
195981753820
195982061863
195982061979
195982062006
195982069173
195982069180
195982092652
195982096797
195982116242
195982122502
195982128986
195982129600
195982141664
195982141695
195982153414
195982156637
195982162676
195982164090
195982164311
195982164373
195982167688
195982178011
195982183923
195982190822
195982191003
195982194950
195982197579
195982207988
195982230481
195982237046
195982239828
195982245386
195982245393
195982251813
195982260006
195982273594
195982291536
195982312675
195982315614
195982315782
195982326887
195982326900
195982335827
195982341132
195982346878
195982355825
195982361482
195982367590
195982367705
195982368085
195982371337
195982379456
195982379487
195982385105
195982393421
195982429526
195982440125
195982440286
195982457802
195982466521
195982466545
195982466972
195982504001
195982504339
195982507064
195982507125
195982508115
195982508603
195982510941
195982510958
195982511788
195982511955
195982514826
195982515977
195982516257
195982516301
195982518510
195982519951
195982520520
195982524467
195982525143
195982525266
195982525877
195982528175
195982529271
195982530437
195982532189
195982532479
195982532516
195982535647
195982536910
195982537320
195982538334
195982538365
195982539331
195982539393
195982544489
195982544779
195982545165
195982545301
195982546599
195982546612
195982551623
195982552101
195982554266
195982554488
195982555331
195982560663
195982560816
195982560854
195982609973
195982610009
195982807065
195982844718
195982844749
195982844787
195982844961
195982845432
195982848884
195982848891
195982909486
195982913698
195982914671
195982916422
195982917450
195982920368
195982924427
195982926476
195982927282
195982927299
195982927367
195982928791
195982929125
195982929224
195982929231
195982929248
195982929323
195982929385
195982929392
195982929422
195982932118
195982932125
195982932217
195982936024
195982936581
195982938868
195982939537
195982944609
195982945200
195982945323
195982945378
195982945392
195982946795
195982946801
195982950990
195982951140
195982952659
195982952802
195982954639
195982961859
195982961996
195982962085
195982965062
195982965086
195982966601
195982974057
195982974552
195982981406
195982982311
195982983592
195982984001
195982987361
195982987859
195982989075
195982990125
195982994284
195982995762
195982996677
198711000218
198711000294
198711000348
198711000416
198711003653
198711008016
198711012389
198711012396
198711014819
198711019487
198711021541
198711028984
198711030703
198711041570
198711051296
198711051579
198711056949
198711069529
198711080647
198711087059
198711088216
198711088520
198711090523
198711093791
198711093951
198711094392
198711095177
198711098635
198711099236
198711101113
198711105036
198711108082
198711109034
198711109072
198711114175
198711114960
198711115073
198711119842
198711120701
198711122910
198711129575
198711133244
198711141485
198711142581
198711147746
198711147753
198711159442
198711163937
198711172618
198711172694
198711181542
198711186578
198711194665
198711197819
198711197963
198711199233
198711200687
198711206870
198711210259
198711211829
198711213755
198711214172
198711214318
198711215094
198711220395
198711225437
198711227530
198711229206
198711232480
198711236013
198711246371
198711246548
198711247767
198711259166
198711259180
198711259333
198711260285
198711260292
198711261336
198711265877
198711272196
198711274633
198711279041
198711281587
198711282614
198711288852
198711288982
198711290978
198711290985
198711297762
198711297779
198711297809
198711297939
198711298288
198711298318
198711303500
198711303524
198711303555
198711303562
198711306280
198711307331
198711308277
198711308925
198711309076
198711309137
198711311741
198711312656
198711315350
198711317354
198711319167
198711319198
198711319280
198711319310
198711319327
198711323614
198711323768
198711325038
198711325137
198711325397
198711325731
198711326745
198711327223
198711329654
198711329692
198711329722
198711329937
198711330988
198711331022
198711331664
198711331930
198711332333
198711333941
198711339516
198711340475
198711341311
198711343230
198711345494
198711346750
198711347641
198711348174
198711348198
198711348549
198711348860
198711349133
198711349263
198711349669
198711355776
198711357749
198711358197
198711359118
198711359521
198711360459
198711362156
198711362316
198711362392
198711362675
198711371790
198711682698
198711742439
198711742804
198711751646
198711851223
198711852565
198711856938
198711895906
198711949548
198711949708
198711971266
198711984211
198711987014
198711995286
199141055205
199141134191
199141208571
199141234105
199141234136
199141234259
199141235829
199141235836
199141235850
199141242612
400107258753
692832130842
692832305127
709713466928
709713604474
744403722953
744403722960
744403723318
796793365982
824646059945
824648352211
849195066411
849195066756
881988702465
883834354521
883834499468
883834500546
883834810751
885491422186
885491587175
885491937659
885491937666
886108038714
886108139695
886108705456
886108775862
886108842434
886108842793
886108980594
886535146266
886535185760
886535235366
886535253506
886535478015
886535736207
886535736283
886535736290
886535737655
886535918993
886535919266
886895553803
887253012598
887253031803
887253161609
887253299739
887253299746
887253302149
887253303054
887253435878
887253820186
887253860557
887253863879
887253890424
887253916223
887253986202
887921139770
887921154858
887921154865
887921225923
887921268531
887921332638
887921455474
887921455511
887921619685
887921619708
887921619746
887921882904
887921909045
887921913134
887921944688
887921945319
887921950801
887921950825
887921950832
887921950856
887921955783
887921955813
888458659397
888458917848
888664166580
888664182399
888664182405
888664182436
888664182603
888664237716
888664237730
888664324539
888664324546
888664324553
888664324560
888664365914
888664407379
888664436423
888664436515
888664831617
888664831860
888664831907
888664836322
888665007769
888665331093
888665371211
888665443062
888665471966
888665472185
888665479023
888665504695
888665516827
888665521135
888665532506
888667017490
888667150487
888667409622
888667409639
888667409653
888667421815
888667486098
888667871443
